1 1591434488900 0 1591434454332
2 1591434507823 0 1591434454333
3 1591434480206 0 1591434454347
1 1591434489003 1 1591434454432
2 1591434507923 1 1591434454434
3 1591434480307 1 1591434454447
1 1591434489103 2 1591434454532
2 1591434508024 2 1591434454534
3 1591434480407 2 1591434454548
1 1591434489204 3 1591434454633
2 1591434508124 3 1591434454635
3 1591434480507 3 1591434454648
1 1591434489304 4 1591434454733
2 1591434508225 4 1591434454735
3 1591434480607 4 1591434454748
1 1591434489404 5 1591434454833
2 1591434508326 5 1591434454836
3 1591434480708 5 1591434454848
1 1591434489505 6 1591434454934
2 1591434508426 6 1591434454936
3 1591434480808 6 1591434454949
1 1591434489605 7 1591434455034
2 1591434508527 7 1591434455037
3 1591434480908 7 1591434455049
1 1591434489705 8 1591434455134
2 1591434508627 8 1591434455138
3 1591434481009 8 1591434455149
1 1591434489806 9 1591434455235
2 1591434508728 9 1591434455239
3 1591434481109 9 1591434455250
1 1591434489906 10 1591434455335
2 1591434508828 10 1591434455339
3 1591434481209 10 1591434455350
1 1591434490006 11 1591434455435
2 1591434508929 11 1591434455439
3 1591434481310 11 1591434455451
1 1591434490107 12 1591434455536
2 1591434509029 12 1591434455540
3 1591434481410 12 1591434455551
1 1591434490207 13 1591434455636
2 1591434509130 13 1591434455640
3 1591434481510 13 1591434455651
1 1591434490307 14 1591434455737
2 1591434509230 14 1591434455741
3 1591434481611 14 1591434455752
1 1591434490408 15 1591434455838
2 1591434509331 15 1591434455841
3 1591434481711 15 1591434455852
1 1591434490508 16 1591434455937
2 1591434509431 16 1591434455941
3 1591434481811 16 1591434455952
1 1591434490608 17 1591434456037
2 1591434509531 17 1591434456041
3 1591434481912 17 1591434456052
1 1591434490708 18 1591434456137
2 1591434509632 18 1591434456142
3 1591434482012 18 1591434456152
1 1591434490809 19 1591434456238
2 1591434509732 19 1591434456242
3 1591434482112 19 1591434456253
1 1591434490912 20 1591434456340
2 1591434509836 20 1591434456346
3 1591434482214 20 1591434456355
1 1591434491012 21 1591434456441
2 1591434509936 21 1591434456446
3 1591434482315 21 1591434456455
1 1591434491112 22 1591434456541
2 1591434510036 22 1591434456546
3 1591434482415 22 1591434456556
1 1591434491213 23 1591434456641
2 1591434510137 23 1591434456647
3 1591434482515 23 1591434456656
1 1591434491313 24 1591434456742
2 1591434510237 24 1591434456747
3 1591434482616 24 1591434456756
1 1591434491413 25 1591434456842
2 1591434510337 25 1591434456848
3 1591434482716 25 1591434456856
1 1591434491513 26 1591434456942
2 1591434510438 26 1591434456948
3 1591434482816 26 1591434456957
1 1591434491614 27 1591434457042
2 1591434510539 27 1591434457049
3 1591434482916 27 1591434457057
1 1591434491714 28 1591434457143
2 1591434510639 28 1591434457149
3 1591434483017 28 1591434457158
1 1591434491814 29 1591434457243
2 1591434510740 29 1591434457250
3 1591434483117 29 1591434457258
1 1591434491914 30 1591434457343
2 1591434510840 30 1591434457350
3 1591434483217 30 1591434457358
1 1591434492015 31 1591434457444
2 1591434510941 31 1591434457451
3 1591434483318 31 1591434457458
1 1591434492115 32 1591434457544
2 1591434511041 32 1591434457551
3 1591434483418 32 1591434457558
1 1591434492216 33 1591434457644
2 1591434511141 33 1591434457651
3 1591434483518 33 1591434457659
1 1591434492316 34 1591434457745
2 1591434511242 34 1591434457752
3 1591434483618 34 1591434457759
1 1591434492416 35 1591434457845
2 1591434511342 35 1591434457852
3 1591434483719 35 1591434457860
1 1591434492516 36 1591434457945
2 1591434511442 36 1591434457952
3 1591434483819 36 1591434457960
1 1591434492617 37 1591434458045
2 1591434511542 37 1591434458053
3 1591434483919 37 1591434458060
1 1591434492717 38 1591434458146
2 1591434511643 38 1591434458153
3 1591434484019 38 1591434458160
1 1591434492817 39 1591434458246
2 1591434511743 39 1591434458253
3 1591434484120 39 1591434458260
1 1591434492917 40 1591434458346
2 1591434511843 40 1591434458353
3 1591434484220 40 1591434458361
1 1591434493018 41 1591434458447
2 1591434511943 41 1591434458454
3 1591434484320 41 1591434458461
1 1591434493118 42 1591434458547
2 1591434512044 42 1591434458554
3 1591434484421 42 1591434458561
1 1591434493219 43 1591434458648
2 1591434512144 43 1591434458654
3 1591434484521 43 1591434458661
1 1591434493319 44 1591434458748
2 1591434512244 44 1591434458755
3 1591434484621 44 1591434458762
1 1591434493419 45 1591434458848
2 1591434512345 45 1591434458855
3 1591434484721 45 1591434458862
1 1591434493520 46 1591434458948
2 1591434512445 46 1591434458955
3 1591434484822 46 1591434458962
1 1591434493620 47 1591434459049
2 1591434512545 47 1591434459055
3 1591434484922 47 1591434459062
1 1591434493720 48 1591434459149
2 1591434512646 48 1591434459156
3 1591434485022 48 1591434459163
1 1591434493820 49 1591434459249
2 1591434512746 49 1591434459256
3 1591434485122 49 1591434459263
1 1591434493921 50 1591434459350
2 1591434512846 50 1591434459357
3 1591434485222 50 1591434459363
1 1591434494021 51 1591434459450
2 1591434512947 51 1591434459457
3 1591434485323 51 1591434459463
1 1591434494121 52 1591434459550
2 1591434513047 52 1591434459557
3 1591434485423 52 1591434459564
1 1591434494221 53 1591434459651
2 1591434513147 53 1591434459658
3 1591434485523 53 1591434459664
1 1591434494322 54 1591434459751
2 1591434513248 54 1591434459758
3 1591434485623 54 1591434459764
1 1591434494422 55 1591434459851
2 1591434513348 55 1591434459858
3 1591434485724 55 1591434459865
1 1591434494522 56 1591434459951
2 1591434513448 56 1591434459959
3 1591434485824 56 1591434459965
1 1591434494623 57 1591434460051
2 1591434513548 57 1591434460059
3 1591434485924 57 1591434460065
1 1591434494723 58 1591434460152
2 1591434513649 58 1591434460159
3 1591434486024 58 1591434460165
1 1591434494823 59 1591434460252
2 1591434513749 59 1591434460259
3 1591434486125 59 1591434460265
1 1591434494923 60 1591434460352
2 1591434513850 60 1591434460360
3 1591434486225 60 1591434460365
1 1591434495024 61 1591434460453
2 1591434513950 61 1591434460460
3 1591434486325 61 1591434460466
1 1591434495124 62 1591434460553
2 1591434514050 62 1591434460560
3 1591434486425 62 1591434460566
1 1591434495224 63 1591434460655
2 1591434514150 63 1591434460661
3 1591434486526 63 1591434460667
1 1591434495325 64 1591434460754
2 1591434514251 64 1591434460761
3 1591434486626 64 1591434460767
1 1591434495425 65 1591434460854
2 1591434514351 65 1591434460861
3 1591434486726 65 1591434460867
1 1591434495525 66 1591434460954
2 1591434514451 66 1591434460962
3 1591434486826 66 1591434460967
1 1591434495626 67 1591434461055
2 1591434514552 67 1591434461062
3 1591434486927 67 1591434461067
1 1591434495726 68 1591434461155
2 1591434514652 68 1591434461162
3 1591434487027 68 1591434461168
1 1591434495826 69 1591434461255
2 1591434514752 69 1591434461262
3 1591434487127 69 1591434461268
1 1591434495927 70 1591434461356
2 1591434514852 70 1591434461363
3 1591434487227 70 1591434461368
1 1591434496027 71 1591434461456
2 1591434514953 71 1591434461463
3 1591434487328 71 1591434461468
1 1591434496127 72 1591434461557
2 1591434515053 72 1591434461563
3 1591434487428 72 1591434461569
1 1591434496228 73 1591434461657
2 1591434515153 73 1591434461664
3 1591434487528 73 1591434461669
1 1591434496328 74 1591434461757
2 1591434515253 74 1591434461764
3 1591434487628 74 1591434461769
1 1591434496428 75 1591434461857
2 1591434515354 75 1591434461864
3 1591434487729 75 1591434461870
1 1591434496528 76 1591434461957
2 1591434515454 76 1591434461964
3 1591434487829 76 1591434461969
1 1591434496629 77 1591434462057
2 1591434515554 77 1591434462065
3 1591434487929 77 1591434462070
1 1591434496729 78 1591434462158
2 1591434515655 78 1591434462165
3 1591434488029 78 1591434462170
1 1591434496829 79 1591434462258
2 1591434515755 79 1591434462265
3 1591434488130 79 1591434462270
1 1591434496929 80 1591434462358
2 1591434515855 80 1591434462366
3 1591434488230 80 1591434462371
1 1591434497030 81 1591434462459
2 1591434515956 81 1591434462466
3 1591434488330 81 1591434462471
1 1591434497130 82 1591434462559
2 1591434516056 82 1591434462566
3 1591434488430 82 1591434462571
1 1591434497231 83 1591434462660
2 1591434516156 83 1591434462666
3 1591434488531 83 1591434462671
1 1591434497331 84 1591434462760
2 1591434516257 84 1591434462767
3 1591434488631 84 1591434462772
1 1591434497431 85 1591434462860
2 1591434516357 85 1591434462867
3 1591434488731 85 1591434462872
1 1591434497532 86 1591434462960
2 1591434516457 86 1591434462967
3 1591434488831 86 1591434462972
1 1591434497632 87 1591434463061
2 1591434516558 87 1591434463068
3 1591434488932 87 1591434463072
1 1591434497732 88 1591434463161
2 1591434516658 88 1591434463168
3 1591434489032 88 1591434463173
1 1591434497832 89 1591434463261
2 1591434516758 89 1591434463268
3 1591434489132 89 1591434463273
1 1591434497933 90 1591434463362
2 1591434516858 90 1591434463369
3 1591434489232 90 1591434463373
1 1591434498033 91 1591434463462
2 1591434516959 91 1591434463469
3 1591434489332 91 1591434463473