1 1591434488902 0 1591434480193
2 1591434507823 0 1591434480193
0 1591434454357 0 1591434480217
1 1591434489003 1 1591434480292
2 1591434507923 1 1591434480293
0 1591434454457 1 1591434480318
1 1591434489103 2 1591434480392
2 1591434508024 2 1591434480394
0 1591434454558 2 1591434480418
1 1591434489204 3 1591434480493
2 1591434508125 3 1591434480495
0 1591434454658 3 1591434480518
1 1591434489304 4 1591434480593
2 1591434508225 4 1591434480595
0 1591434454758 4 1591434480618
1 1591434489405 5 1591434480693
2 1591434508326 5 1591434480696
0 1591434454858 5 1591434480719
1 1591434489505 6 1591434480793
2 1591434508427 6 1591434480797
0 1591434454959 6 1591434480819
1 1591434489605 7 1591434480894
2 1591434508527 7 1591434480897
0 1591434455059 7 1591434480919
1 1591434489705 8 1591434480994
2 1591434508628 8 1591434480998
0 1591434455159 8 1591434481020
1 1591434489806 9 1591434481095
2 1591434508728 9 1591434481098
0 1591434455260 9 1591434481120
1 1591434489906 10 1591434481195
2 1591434508829 10 1591434481199
0 1591434455360 10 1591434481221
1 1591434490006 11 1591434481295
2 1591434508929 11 1591434481299
0 1591434455460 11 1591434481321
1 1591434490107 12 1591434481395
2 1591434509030 12 1591434481400
0 1591434455561 12 1591434481421
1 1591434490207 13 1591434481496
2 1591434509130 13 1591434481500
0 1591434455661 13 1591434481521
1 1591434490307 14 1591434481596
2 1591434509230 14 1591434481600
0 1591434455761 14 1591434481622
1 1591434490408 15 1591434481697
2 1591434509331 15 1591434481700
0 1591434455862 15 1591434481722
1 1591434490508 16 1591434481797
2 1591434509431 16 1591434481801
0 1591434455962 16 1591434481822
1 1591434490608 17 1591434481897
2 1591434509532 17 1591434481901
0 1591434456062 17 1591434481922
1 1591434490709 18 1591434481997
2 1591434509632 18 1591434482002
0 1591434456162 18 1591434482023
1 1591434490811 19 1591434482100
2 1591434509735 19 1591434482105
0 1591434456265 19 1591434482125
1 1591434490912 20 1591434482200
2 1591434509836 20 1591434482206
0 1591434456365 20 1591434482226
1 1591434491012 21 1591434482301
2 1591434509936 21 1591434482306
0 1591434456466 21 1591434482326
1 1591434491112 22 1591434482401
2 1591434510036 22 1591434482406
0 1591434456566 22 1591434482426
1 1591434491213 23 1591434482502
2 1591434510137 23 1591434482507
0 1591434456666 23 1591434482527
1 1591434491313 24 1591434482602
2 1591434510237 24 1591434482607
0 1591434456766 24 1591434482627
1 1591434491413 25 1591434482702
2 1591434510338 25 1591434482708
0 1591434456867 25 1591434482727
1 1591434491513 26 1591434482802
2 1591434510438 26 1591434482808
0 1591434456967 26 1591434482827
1 1591434491614 27 1591434482902
2 1591434510539 27 1591434482909
0 1591434457067 27 1591434482928
1 1591434491714 28 1591434483003
2 1591434510639 28 1591434483009
0 1591434457168 28 1591434483028
1 1591434491814 29 1591434483103
2 1591434510740 29 1591434483110
0 1591434457268 29 1591434483128
1 1591434491915 30 1591434483203
2 1591434510840 30 1591434483211
0 1591434457368 30 1591434483229
1 1591434492015 31 1591434483304
2 1591434510941 31 1591434483311
0 1591434457468 31 1591434483329
1 1591434492115 32 1591434483404
2 1591434511041 32 1591434483411
0 1591434457569 32 1591434483429
1 1591434492216 33 1591434483504
2 1591434511141 33 1591434483511
0 1591434457669 33 1591434483529
1 1591434492316 34 1591434483605
2 1591434511242 34 1591434483611
0 1591434457769 34 1591434483630
1 1591434492416 35 1591434483705
2 1591434511342 35 1591434483712
0 1591434457870 35 1591434483730
1 1591434492516 36 1591434483805
2 1591434511442 36 1591434483812
0 1591434457970 36 1591434483830
1 1591434492617 37 1591434483905
2 1591434511543 37 1591434483912
0 1591434458070 37 1591434483930
1 1591434492717 38 1591434484005
2 1591434511643 38 1591434484013
0 1591434458170 38 1591434484031
1 1591434492817 39 1591434484106
2 1591434511743 39 1591434484113
0 1591434458271 39 1591434484131
1 1591434492917 40 1591434484206
2 1591434511843 40 1591434484213
0 1591434458371 40 1591434484231
1 1591434493018 41 1591434484307
2 1591434511944 41 1591434484314
0 1591434458471 41 1591434484332
1 1591434493119 42 1591434484407
2 1591434512044 42 1591434484414
0 1591434458572 42 1591434484432
1 1591434493219 43 1591434484507
2 1591434512144 43 1591434484514
0 1591434458672 43 1591434484532
1 1591434493319 44 1591434484608
2 1591434512245 44 1591434484615
0 1591434458772 44 1591434484632
1 1591434493419 45 1591434484708
2 1591434512345 45 1591434484715
0 1591434458872 45 1591434484733
1 1591434493520 46 1591434484808
2 1591434512445 46 1591434484815
0 1591434458973 46 1591434484833
1 1591434493620 47 1591434484909
2 1591434512546 47 1591434484915
0 1591434459073 47 1591434484933
1 1591434493720 48 1591434485009
2 1591434512646 48 1591434485016
0 1591434459173 48 1591434485033
1 1591434493821 49 1591434485109
2 1591434512746 49 1591434485116
0 1591434459273 49 1591434485134
1 1591434493921 50 1591434485209
2 1591434512847 50 1591434485216
0 1591434459374 50 1591434485234
1 1591434494021 51 1591434485310
2 1591434512947 51 1591434485317
0 1591434459474 51 1591434485334
1 1591434494121 52 1591434485410
2 1591434513047 52 1591434485417
0 1591434459574 52 1591434485434
1 1591434494222 53 1591434485510
2 1591434513147 53 1591434485517
0 1591434459675 53 1591434485535
1 1591434494322 54 1591434485610
2 1591434513248 54 1591434485618
0 1591434459775 54 1591434485635
1 1591434494422 55 1591434485711
2 1591434513348 55 1591434485718
0 1591434459875 55 1591434485735
1 1591434494522 56 1591434485811
2 1591434513448 56 1591434485818
0 1591434459975 56 1591434485836
1 1591434494623 57 1591434485911
2 1591434513549 57 1591434485918
0 1591434460076 57 1591434485936
1 1591434494723 58 1591434486012
2 1591434513649 58 1591434486019
0 1591434460176 58 1591434486036
1 1591434494823 59 1591434486112
2 1591434513749 59 1591434486119
0 1591434460276 59 1591434486136
1 1591434494923 60 1591434486212
2 1591434513850 60 1591434486220
0 1591434460376 60 1591434486237
1 1591434495024 61 1591434486312
2 1591434513950 61 1591434486320
0 1591434460477 61 1591434486337
1 1591434495124 62 1591434486413
2 1591434514050 62 1591434486420
0 1591434460577 62 1591434486437
1 1591434495224 63 1591434486514
2 1591434514150 63 1591434486520
0 1591434460677 63 1591434486538
1 1591434495325 64 1591434486614
2 1591434514251 64 1591434486621
0 1591434460778 64 1591434486638
1 1591434495425 65 1591434486714
2 1591434514351 65 1591434486721
0 1591434460878 65 1591434486738
1 1591434495526 66 1591434486814
2 1591434514451 66 1591434486821
0 1591434460978 66 1591434486838
1 1591434495626 67 1591434486915
2 1591434514552 67 1591434486922
0 1591434461078 67 1591434486939
1 1591434495726 68 1591434487015
2 1591434514652 68 1591434487022
0 1591434461179 68 1591434487039
1 1591434495826 69 1591434487115
2 1591434514752 69 1591434487122
0 1591434461279 69 1591434487139
1 1591434495927 70 1591434487215
2 1591434514852 70 1591434487222
0 1591434461379 70 1591434487240
1 1591434496027 71 1591434487316
2 1591434514953 71 1591434487323
0 1591434461480 71 1591434487340
1 1591434496128 72 1591434487416
2 1591434515053 72 1591434487423
0 1591434461580 72 1591434487440
1 1591434496228 73 1591434487516
2 1591434515153 73 1591434487523
0 1591434461680 73 1591434487541
1 1591434496328 74 1591434487617
2 1591434515254 74 1591434487624
0 1591434461781 74 1591434487641
1 1591434496428 75 1591434487717
2 1591434515354 75 1591434487724
0 1591434461881 75 1591434487741
1 1591434496529 76 1591434487817
2 1591434515454 76 1591434487824
0 1591434461981 76 1591434487841
1 1591434496629 77 1591434487917
2 1591434515555 77 1591434487924
0 1591434462081 77 1591434487942
1 1591434496729 78 1591434488018
2 1591434515655 78 1591434488025
0 1591434462182 78 1591434488042
1 1591434496829 79 1591434488118
2 1591434515755 79 1591434488125
0 1591434462282 79 1591434488142
1 1591434496930 80 1591434488218
2 1591434515855 80 1591434488225
0 1591434462382 80 1591434488242
1 1591434497030 81 1591434488319
2 1591434515956 81 1591434488326
0 1591434462482 81 1591434488343
1 1591434497131 82 1591434488419
2 1591434516056 82 1591434488426
0 1591434462583 82 1591434488443
1 1591434497231 83 1591434488519
2 1591434516156 83 1591434488526
0 1591434462683 83 1591434488543
1 1591434497331 84 1591434488620
2 1591434516257 84 1591434488627
0 1591434462783 84 1591434488643
1 1591434497432 85 1591434488720
2 1591434516357 85 1591434488727
0 1591434462883 85 1591434488744
1 1591434497532 86 1591434488820
2 1591434516457 86 1591434488827
0 1591434462984 86 1591434488844
1 1591434497632 87 1591434488920
2 1591434516558 87 1591434488927
0 1591434463084 87 1591434488944
1 1591434497732 88 1591434489021
2 1591434516658 88 1591434489028
0 1591434463184 88 1591434489044
1 1591434497832 89 1591434489121
2 1591434516758 89 1591434489128
0 1591434463285 89 1591434489145
1 1591434497933 90 1591434489221
2 1591434516858 90 1591434489228
0 1591434463385 90 1591434489245
1 1591434498033 91 1591434489321
2 1591434516959 91 1591434489328
0 1591434463485 91 1591434489345