2 9791 19 27097
2 9892 20 27197
2 9992 21 27298
2 10092 22 27398
2 10193 23 27498
2 10293 24 27598
2 10393 25 27699
2 10494 26 27799
2 10594 27 27899
2 10694 28 28000
2 10795 29 28100
2 10895 30 28201
2 10995 31 28301
2 11096 32 28401
2 11196 33 28502
2 11297 34 28602
2 11397 35 28702
2 11497 36 28803
2 11598 37 28903
2 11698 38 29004
2 11799 39 29104
2 11899 40 29204
2 11999 41 29305
2 12100 42 29405
2 12200 43 29506
2 12300 44 29606
2 12401 45 29706
2 12501 46 29807
2 12601 47 29907
2 12702 48 30007
2 12802 49 30108
2 12903 50 30208
2 13003 51 30308
2 13103 52 30409
2 13204 53 30509
2 13304 54 30609
2 13404 55 30709
2 13504 56 30810
2 13605 57 30910
2 13705 58 31011
2 13805 59 31111
2 13906 60 31211
2 14006 61 31311
2 14106 62 31412
2 14207 63 31512
2 14307 64 31613
2 14407 65 31713
2 14508 66 31813
2 14608 67 31913
2 14708 68 32014
2 14809 69 32114
2 14909 70 32215
2 15009 71 32315
2 15110 72 32415
2 15210 73 32516
2 15311 74 32616
2 15411 75 32716
2 15511 76 32817
2 15611 77 32917
2 15712 78 33017
2 15812 79 33117
2 15912 80 33218
2 16013 81 33318
2 16113 82 33419
2 16213 83 33519
2 16314 84 33619
2 16414 85 33719
2 16514 86 33820
2 16615 87 33920
2 16715 88 34020
2 16815 89 34121
2 16916 90 34221
2 17016 91 34321
2 17116 92 34422
2 17217 93 34522
2 17317 94 34622
2 17417 95 34723
2 17518 96 34823
