1 1591566946 0 1591586906
2 1591566944 0 1591586960
1 1591567047 1 1591587005
2 1591567045 1 1591587061
1 1591567147 2 1591587106
2 1591567146 2 1591587161
1 1591567248 3 1591587206
2 1591567246 3 1591587262
1 1591567348 4 1591587307
2 1591567347 4 1591587362
1 1591567449 5 1591587407
2 1591567447 5 1591587462
1 1591567549 6 1591587507
2 1591567547 6 1591587563
1 1591567649 7 1591587608
2 1591567648 7 1591587663
1 1591567750 8 1591587708
2 1591567748 8 1591587764
1 1591567850 9 1591587808
2 1591567849 9 1591587864
1 1591567950 10 1591587908
2 1591567949 10 1591587964
1 1591568051 11 1591588009
2 1591568049 11 1591588065
1 1591568151 12 1591588109
2 1591568150 12 1591588165
1 1591568251 13 1591588210
2 1591568250 13 1591588266
1 1591568352 14 1591588310
2 1591568350 14 1591588366
1 1591568452 15 1591588410
2 1591568451 15 1591588466
1 1591568552 16 1591588510
2 1591568551 16 1591588567
1 1591568653 17 1591588611
2 1591568652 17 1591588667
1 1591568753 18 1591588711
2 1591568752 18 1591588767
1 1591568853 19 1591588811
2 1591568852 19 1591588868
1 1591568953 20 1591588912
2 1591568952 20 1591588968
1 1591569054 21 1591589012
2 1591569053 21 1591589068
1 1591569154 22 1591589112
2 1591569153 22 1591589169
1 1591569254 23 1591589212
2 1591569254 23 1591589269
1 1591569354 24 1591589313
2 1591569354 24 1591589369
1 1591569455 25 1591589413
2 1591569454 25 1591589470
1 1591569555 26 1591589513
2 1591569555 26 1591589570
1 1591569655 27 1591589613
2 1591569655 27 1591589673
1 1591569755 28 1591589714
2 1591569757 28 1591589773
1 1591569856 29 1591589814
2 1591569857 29 1591589873
1 1591569956 30 1591589914
2 1591569958 30 1591589973
1 1591570057 31 1591590015
2 1591570058 31 1591590073
1 1591570157 32 1591590115
2 1591570158 32 1591590174
1 1591570257 33 1591590215
2 1591570259 33 1591590274
1 1591570358 34 1591590316
2 1591570359 34 1591590374
1 1591570458 35 1591590416
2 1591570459 35 1591590475
1 1591570558 36 1591590516
2 1591570560 36 1591590575
1 1591570658 37 1591590617
2 1591570660 37 1591590675
1 1591570759 38 1591590717
2 1591570760 38 1591590776
1 1591570859 39 1591590817
2 1591570860 39 1591590876
1 1591570959 40 1591590918
2 1591570961 40 1591590976
1 1591571060 41 1591591018
2 1591571061 41 1591591077
1 1591571160 42 1591591118
2 1591571161 42 1591591177
1 1591571260 43 1591591218
2 1591571262 43 1591591277
1 1591571360 44 1591591318
2 1591571362 44 1591591377
1 1591571461 45 1591591419
2 1591571462 45 1591591478
1 1591571561 46 1591591519
2 1591571563 46 1591591578
1 1591571661 47 1591591619
2 1591571663 47 1591591678
1 1591571761 48 1591591719
2 1591571763 48 1591591778
1 1591571862 49 1591591820
2 1591571863 49 1591591879
1 1591571962 50 1591591920
2 1591571963 50 1591591979
1 1591572062 51 1591592021
2 1591572064 51 1591592079
1 1591572163 52 1591592121
2 1591572164 52 1591592179
1 1591572263 53 1591592221
2 1591572264 53 1591592280
1 1591572363 54 1591592321
2 1591572365 54 1591592380
1 1591572463 55 1591592422
2 1591572465 55 1591592480
1 1591572564 56 1591592522
2 1591572565 56 1591592581
1 1591572664 57 1591592622
2 1591572665 57 1591592681
1 1591572764 58 1591592722
2 1591572766 58 1591592781
1 1591572864 59 1591592823
2 1591572866 59 1591592882
1 1591572965 60 1591592923
2 1591572966 60 1591592982
1 1591573065 61 1591593023
2 1591573067 61 1591593082
1 1591573165 62 1591593123
2 1591573167 62 1591593183
1 1591573265 63 1591593224
2 1591573268 63 1591593283
1 1591573366 64 1591593324
2 1591573368 64 1591593383
1 1591573466 65 1591593424
2 1591573468 65 1591593484
1 1591573566 66 1591593524
2 1591573569 66 1591593584
1 1591573666 67 1591593625
2 1591573669 67 1591593684
1 1591573767 68 1591593725
2 1591573769 68 1591593785
1 1591573867 69 1591593825
2 1591573870 69 1591593885
1 1591573967 70 1591593925
2 1591573970 70 1591593985
1 1591574067 71 1591594025
2 1591574070 71 1591594086
1 1591574168 72 1591594126
2 1591574170 72 1591594186
1 1591574268 73 1591594226
2 1591574271 73 1591594286
1 1591574368 74 1591594326
2 1591574371 74 1591594387
1 1591574468 75 1591594426
2 1591574472 75 1591594487
1 1591574569 76 1591594527
2 1591574572 76 1591594587
1 1591574669 77 1591594627
2 1591574672 77 1591594688
1 1591574769 78 1591594727
2 1591574772 78 1591594788
1 1591574869 79 1591594827
2 1591574873 79 1591594888
1 1591574970 80 1591594928
2 1591574973 80 1591594989
1 1591575070 81 1591595028
2 1591575073 81 1591595089
1 1591575170 82 1591595128
2 1591575174 82 1591595189
1 1591575270 83 1591595228
2 1591575274 83 1591595290
1 1591575371 84 1591595329
2 1591575375 84 1591595390
1 1591575471 85 1591595429
2 1591575475 85 1591595490
1 1591575571 86 1591595529
2 1591575575 86 1591595591
1 1591575671 87 1591595630
2 1591575675 87 1591595691
1 1591575772 88 1591595730
2 1591575776 88 1591595791
1 1591575872 89 1591595830
2 1591575876 89 1591595891
1 1591575972 90 1591595930
2 1591575976 90 1591595992
