0 1591564525 0 1591584501
2 1591564526 0 1591584537
0 1591564626 1 1591584601
2 1591564626 1 1591584637
0 1591564726 2 1591584701
2 1591564727 2 1591584737
0 1591564827 3 1591584801
2 1591564827 3 1591584837
0 1591564927 4 1591584902
2 1591564927 4 1591584938
0 1591565027 5 1591585002
2 1591565027 5 1591585038
0 1591565127 6 1591585102
2 1591565128 6 1591585138
0 1591565228 7 1591585202
2 1591565228 7 1591585239
0 1591565328 8 1591585303
2 1591565328 8 1591585339
0 1591565428 9 1591585403
2 1591565428 9 1591585439
0 1591565528 10 1591585503
2 1591565529 10 1591585539
0 1591565629 11 1591585604
2 1591565629 11 1591585640
0 1591565729 12 1591585704
2 1591565729 12 1591585740
0 1591565829 13 1591585804
2 1591565830 13 1591585841
0 1591565930 14 1591585904
2 1591565930 14 1591585941
0 1591566030 15 1591586005
2 1591566031 15 1591586041
0 1591566130 16 1591586105
2 1591566131 16 1591586142
0 1591566231 17 1591586205
2 1591566231 17 1591586242
0 1591566331 18 1591586306
2 1591566331 18 1591586342
0 1591566431 19 1591586406
2 1591566432 19 1591586442
0 1591566532 20 1591586507
2 1591566532 20 1591586543
0 1591566637 21 1591586612
2 1591566635 21 1591586645
0 1591566737 22 1591586712
2 1591566735 22 1591586746
0 1591566838 23 1591586812
2 1591566835 23 1591586846
0 1591566938 24 1591586913
2 1591566935 24 1591586946
0 1591567038 25 1591587013
2 1591567036 25 1591587046
0 1591567139 26 1591587113
2 1591567136 26 1591587147
0 1591567239 27 1591587214
2 1591567236 27 1591587247
0 1591567339 28 1591587314
2 1591567337 28 1591587347
0 1591567440 29 1591587415
2 1591567437 29 1591587447
0 1591567540 30 1591587515
2 1591567537 30 1591587548
0 1591567641 31 1591587616
2 1591567637 31 1591587648
0 1591567741 32 1591587716
2 1591567738 32 1591587748
0 1591567842 33 1591587816
2 1591567838 33 1591587849
0 1591567942 34 1591587917
2 1591567938 34 1591587949
0 1591568043 35 1591588017
2 1591568039 35 1591588049
0 1591568143 36 1591588118
2 1591568139 36 1591588150
0 1591568244 37 1591588218
2 1591568239 37 1591588250
0 1591568344 38 1591588319
2 1591568339 38 1591588350
0 1591568445 39 1591588419
2 1591568440 39 1591588450
0 1591568545 40 1591588520
2 1591568540 40 1591588551
0 1591568646 41 1591588620
2 1591568640 41 1591588651
0 1591568746 42 1591588721
2 1591568740 42 1591588751
0 1591568846 43 1591588821
2 1591568841 43 1591588851
0 1591568947 44 1591588922
2 1591568941 44 1591588952
0 1591569047 45 1591589022
2 1591569041 45 1591589052
0 1591569148 46 1591589122
2 1591569142 46 1591589152
0 1591569248 47 1591589223
2 1591569242 47 1591589253
0 1591569348 48 1591589323
2 1591569342 48 1591589353
0 1591569449 49 1591589424
2 1591569442 49 1591589453
0 1591569549 50 1591589524
2 1591569543 50 1591589553
0 1591569650 51 1591589625
1 1591564525 0 1591589642
2 1591569643 51 1591589653
0 1591569750 52 1591589725
1 1591564626 1 1591589742
2 1591569743 52 1591589754
0 1591569851 53 1591589825
1 1591564727 2 1591589843
2 1591569843 53 1591589854
0 1591569951 54 1591589925
1 1591564827 3 1591589943
2 1591569943 54 1591589954
0 1591570051 55 1591590026
1 1591564927 4 1591590043
2 1591570043 55 1591590054
0 1591570151 56 1591590126
1 1591565028 5 1591590144
2 1591570144 56 1591590154
0 1591570252 57 1591590226
1 1591565128 6 1591590244
2 1591570244 57 1591590255
0 1591570352 58 1591590327
1 1591565228 7 1591590344
2 1591570344 58 1591590355
0 1591570452 59 1591590427
1 1591565329 8 1591590445
2 1591570444 59 1591590455
0 1591570552 60 1591590527
1 1591565429 9 1591590545
2 1591570545 60 1591590555
0 1591570653 61 1591590627
1 1591565529 10 1591590645
2 1591570645 61 1591590656
0 1591570753 62 1591590728
1 1591565629 11 1591590745
2 1591570745 62 1591590756
0 1591570853 63 1591590828
1 1591565730 12 1591590846
2 1591570845 63 1591590856
0 1591570954 64 1591590928
1 1591565830 13 1591590946
2 1591570946 64 1591590956
0 1591571054 65 1591591028
1 1591565930 14 1591591046
2 1591571046 65 1591591056
0 1591571154 66 1591591129
1 1591566031 15 1591591147
2 1591571146 66 1591591157
0 1591571254 67 1591591229
1 1591566131 16 1591591247
2 1591571246 67 1591591257
0 1591571355 68 1591591330
1 1591566231 17 1591591347
2 1591571346 68 1591591357
0 1591571455 69 1591591430
1 1591566332 18 1591591448
2 1591571447 69 1591591457
0 1591571556 70 1591591530
1 1591566432 19 1591591548
2 1591571547 70 1591591557
0 1591571656 71 1591591631
1 1591566532 20 1591591648
2 1591571647 71 1591591658
0 1591571756 72 1591591731
1 1591566633 21 1591591749
2 1591571747 72 1591591758
0 1591571856 73 1591591831
1 1591566733 22 1591591849
2 1591571848 73 1591591858
0 1591571957 74 1591591931
1 1591566833 23 1591591949
2 1591571948 74 1591591958
0 1591572057 75 1591592032
1 1591566933 24 1591592049
2 1591572048 75 1591592059
0 1591572157 76 1591592132
1 1591567034 25 1591592150
2 1591572148 76 1591592159
0 1591572257 77 1591592232
1 1591567134 26 1591592250
2 1591572248 77 1591592259
0 1591572358 78 1591592332
1 1591567234 27 1591592350
2 1591572349 78 1591592359
0 1591572458 79 1591592433
1 1591567335 28 1591592451
2 1591572449 79 1591592460
0 1591572558 80 1591592533
1 1591567435 29 1591592551
2 1591572550 80 1591592560
0 1591572659 81 1591592633
1 1591567535 30 1591592651
2 1591572650 81 1591592661
0 1591572759 82 1591592734
1 1591567635 31 1591592751
2 1591572751 82 1591592761
0 1591572859 83 1591592834
1 1591567736 32 1591592852
2 1591572851 83 1591592861
0 1591572960 84 1591592934
1 1591567836 33 1591592952
2 1591572951 84 1591592962
0 1591573060 85 1591593035
1 1591567936 34 1591593052
2 1591573051 85 1591593062
0 1591573160 86 1591593135
1 1591568037 35 1591593153
2 1591573152 86 1591593162
0 1591573261 87 1591593235
1 1591568137 36 1591593253
2 1591573252 87 1591593262
0 1591573361 88 1591593336
1 1591568237 37 1591593354
