0 1591566942 0 1591586986
2 1591566945 0 1591587003
0 1591567042 1 1591587085
2 1591567045 1 1591587103
0 1591567142 2 1591587185
2 1591567146 2 1591587204
0 1591567243 3 1591587285
2 1591567246 3 1591587304
0 1591567343 4 1591587386
2 1591567347 4 1591587404
0 1591567443 5 1591587486
2 1591567447 5 1591587505
0 1591567544 6 1591587586
2 1591567548 6 1591587605
0 1591567644 7 1591587686
2 1591567648 7 1591587706
0 1591567744 8 1591587787
2 1591567748 8 1591587806
0 1591567844 9 1591587887
2 1591567849 9 1591587906
0 1591567945 10 1591587987
2 1591567949 10 1591588007
0 1591568045 11 1591588088
2 1591568049 11 1591588107
0 1591568145 12 1591588188
2 1591568150 12 1591588207
0 1591568246 13 1591588288
2 1591568250 13 1591588308
0 1591568346 14 1591588388
2 1591568351 14 1591588408
0 1591568446 15 1591588489
2 1591568451 15 1591588508
0 1591568546 16 1591588589
2 1591568551 16 1591588609
0 1591568647 17 1591588689
2 1591568652 17 1591588709
0 1591568747 18 1591588790
2 1591568752 18 1591588810
0 1591568847 19 1591588890
2 1591568852 19 1591588910
0 1591568948 20 1591588990
2 1591568953 20 1591589010
0 1591569048 21 1591589091
2 1591569053 21 1591589111
0 1591569149 22 1591589191
2 1591569153 22 1591589211
0 1591569249 23 1591589291
2 1591569254 23 1591589311
0 1591569349 24 1591589392
2 1591569354 24 1591589412
0 1591569450 25 1591589492
2 1591569454 25 1591589512
0 1591569550 26 1591589592
2 1591569555 26 1591589612
0 1591569650 27 1591589693
2 1591569655 27 1591589717
0 1591569750 28 1591589793
2 1591569757 28 1591589815
0 1591569851 29 1591589893
2 1591569858 29 1591589915
0 1591569951 30 1591589994
2 1591569958 30 1591590015
0 1591570052 31 1591590094
2 1591570058 31 1591590116
0 1591570152 32 1591590194
2 1591570158 32 1591590216
0 1591570252 33 1591590295
2 1591570259 33 1591590316
0 1591570352 34 1591590395
2 1591570359 34 1591590416
0 1591570453 35 1591590495
2 1591570459 35 1591590517
0 1591570553 36 1591590596
2 1591570560 36 1591590617
0 1591570653 37 1591590696
2 1591570660 37 1591590718
0 1591570754 38 1591590796
2 1591570760 38 1591590818
0 1591570854 39 1591590896
2 1591570861 39 1591590918
0 1591570954 40 1591590997
2 1591570961 40 1591591018
0 1591571054 41 1591591097
2 1591571061 41 1591591119
0 1591571155 42 1591591197
2 1591571162 42 1591591219
0 1591571255 43 1591591297
2 1591571262 43 1591591319
0 1591571355 44 1591591397
2 1591571362 44 1591591420
0 1591571455 45 1591591498
2 1591571462 45 1591591520
0 1591571556 46 1591591598
2 1591571563 46 1591591620
0 1591571656 47 1591591698
2 1591571663 47 1591591720
0 1591571756 48 1591591799
2 1591571763 48 1591591821
0 1591571856 49 1591591899
2 1591571863 49 1591591921
0 1591571957 50 1591591999
2 1591571964 50 1591592021
0 1591572057 51 1591592099
2 1591572064 51 1591592121
0 1591572157 52 1591592200
2 1591572164 52 1591592222
0 1591572257 53 1591592300
2 1591572264 53 1591592322
0 1591572358 54 1591592400
2 1591572365 54 1591592422
0 1591572458 55 1591592501
2 1591572465 55 1591592522
0 1591572558 56 1591592601
2 1591572565 56 1591592623
0 1591572659 57 1591592701
2 1591572666 57 1591592723
0 1591572759 58 1591592801
2 1591572766 58 1591592823
0 1591572859 59 1591592902
2 1591572866 59 1591592924
0 1591572960 60 1591593002
2 1591572967 60 1591593024
0 1591573060 61 1591593102
2 1591573067 61 1591593124
0 1591573160 62 1591593203
2 1591573167 62 1591593225
0 1591573260 63 1591593303
2 1591573268 63 1591593325
0 1591573361 64 1591593403
2 1591573368 64 1591593425
0 1591573461 65 1591593504
2 1591573468 65 1591593526
0 1591573561 66 1591593604
2 1591573569 66 1591593626
0 1591573662 67 1591593704
2 1591573669 67 1591593726
0 1591573762 68 1591593804
2 1591573769 68 1591593827
0 1591573862 69 1591593905
2 1591573870 69 1591593927
0 1591573962 70 1591594005
2 1591573970 70 1591594028
0 1591574063 71 1591594105
2 1591574070 71 1591594128
0 1591574163 72 1591594205
2 1591574171 72 1591594228
0 1591574263 73 1591594306
2 1591574271 73 1591594329
0 1591574364 74 1591594406
2 1591574371 74 1591594429
0 1591574464 75 1591594506
2 1591574472 75 1591594529
0 1591574564 76 1591594607
2 1591574572 76 1591594629
0 1591574664 77 1591594707
2 1591574672 77 1591594730
0 1591574765 78 1591594807
2 1591574773 78 1591594830
0 1591574865 79 1591594907
2 1591574873 79 1591594930
0 1591574965 80 1591595008
2 1591574973 80 1591595031
0 1591575066 81 1591595108
2 1591575074 81 1591595131
0 1591575166 82 1591595208
2 1591575174 82 1591595232
0 1591575266 83 1591595308
2 1591575274 83 1591595332
0 1591575366 84 1591595409
2 1591575375 84 1591595432
0 1591575467 85 1591595509
2 1591575475 85 1591595533
0 1591575567 86 1591595609
2 1591575575 86 1591595633
0 1591575667 87 1591595710
2 1591575675 87 1591595733
0 1591575767 88 1591595810
2 1591575776 88 1591595833
0 1591575868 89 1591595910
2 1591575876 89 1591595934
0 1591575968 90 1591596010
2 1591575976 90 1591596034
