1 1787528745964236 0 59549636840939
2 59579389114720 0 59549656040642
1 1787528847722308 1 59549736677672
0 59525850038925 0 59549744232735
2 59579489506779 1 59549756333024
1 1787528948446670 2 59549837317431
0 59525950627854 1 59549844783351
2 59579589775757 2 59549856603136
1 1787529048966396 3 59549937906455
0 59526050874451 2 59549945256375
2 59579690088647 3 59549956880924
1 1787529149304024 4 59550038181222
0 59526151086407 3 59550045216056
2 59579790480684 4 59550057339236
1 1787529249583696 5 59550138399471
0 59526251292305 4 59550145445210
2 59579890832289 5 59550157697726
1 1787529349844532 6 59550238737175
0 59526351494638 5 59550245988147
2 59579991365620 6 59550258435546
1 1787529450132759 7 59550339263936
0 59526451889221 6 59550346358515
2 59580091798066 7 59550358837004
1 1787529550415003 8 59550439445891
0 59526552126179 7 59550446295861
2 59580192258021 8 59550459179676
1 1787529650691953 9 59550539511857
0 59526652376122 8 59550546470101
2 59580292753725 9 59550559605671
1 1787529750960941 10 59550639826362
0 59526752752970 9 59550646889801
2 59580393155822 10 59550659937139
1 1787529851225635 11 59550740056335
0 59526853009524 10 59550747044979
2 59580493382125 11 59550760125696
1 1787529951571322 12 59550840389821
0 59526953248975 11 59550847333001
2 59580593761331 12 59550860571025
1 1787530051857964 13 59550940659043
0 59527053538069 12 59550947716379
2 59580694049958 13 59550960836737
1 1787530152130616 14 59551041342009
0 59527153868681 13 59551048198678
2 59580794544319 14 59551061745041
1 1787530252386424 15 59551141428507
0 59527254142760 14 59551149271587
2 59580894852321 15 59551161513086
1 1787530352652041 16 59551241537390
0 59527354446665 15 59551248469052
2 59580995302436 16 59551262161746
1 1787530452927527 17 59551341735069
0 59527454782490 16 59551348884222
2 59581095609656 17 59551362387173
1 1787530553233036 18 59551442024334
0 59527555329890 17 59551449517294
2 59581195865649 18 59551462662637
1 1787530653663533 19 59551542806511
0 59527655696156 18 59551550108594
2 59581296151883 19 59551563085757
1 1787530754039469 20 59551643266618
0 59527756380215 19 59551650771240
2 59581396558532 20 59551663688615
1 1787530854320197 21 59551743170419
0 59527857060866 20 59551751217334
2 59581497009973 21 59551763823111
1 1787530954641794 22 59551843432646
0 59527957667543 21 59551851803578
2 59581597413270 22 59551864225164
1 1787531054946780 23 59551943763685
0 59528058255843 22 59551952413592
2 59581697707666 23 59551964521222
1 1787531155267568 24 59552044104775
0 59528158689083 23 59552052795583
2 59581797991607 24 59552064690586
1 1787531255567218 25 59552144656975
0 59528258919977 24 59552153091404
2 59581898273283 25 59552165163927
1 1787531355873340 26 59552244728421
0 59528359149127 25 59552253245412
2 59581998558397 26 59552265334777
1 1787531456139386 27 59552345013954
0 59528459715853 26 59552354174042
2 59582098793929 27 59552365675117
1 1787531559636593 28 59552452936703
0 59528567383290 27 59552461520419
2 59582199216887 28 59552466032392
1 1787531659913258 29 59552548717059
0 59528667902090 28 59552562015226
2 59582299531967 29 59552566308848
1 1787531760156528 30 59552648960267
0 59528768217560 29 59552662294776
2 59582399776748 30 59552666543897
1 1787531860402553 31 59552749196987
0 59528868442213 30 59552762495448
2 59582500024230 31 59552766793677
1 1787531960645876 32 59552849437105
0 59528968745715 31 59552862819626
2 59582600246342 32 59552867012227
1 1787532061055171 33 59552949871322
0 59529069029802 32 59552963093737
2 59582700697827 33 59552967524620
1 1787532161334373 34 59553050188678
0 59529169393771 33 59553063552488
2 59582801139200 34 59553067974669
1 1787532261625908 35 59553150401723
0 59529269675198 34 59553163770585
2 59582901405268 35 59553168208132
1 1787532361951576 36 59553250835920
0 59529369963435 35 59553264065311
2 59583001641463 36 59553268404985
1 1787532462307198 37 59553351521233
0 59529470245385 36 59553364726702
2 59583101872998 37 59553369010732
1 1787532562596011 38 59553451686972
0 59529570637074 37 59553465022904
2 59583202121364 38 59553468947917
1 1787532662871927 39 59553551822548
0 59529671111694 38 59553565432895
2 59583302384328 39 59553569483836
1 1787532763139650 40 59553652041540
0 59529771493901 39 59553665650467
2 59583402790245 40 59553669701413
1 1787532863410667 41 59553752251626
0 59529871815023 40 59553765908625
2 59583503153298 41 59553769924278
1 1787532963704131 42 59553852503298
0 59529972427259 41 59553866557145
2 59583603396882 42 59553870155724
1 1787533064030603 43 59553952783302
0 59530073055083 42 59553967161745
2 59583703646112 43 59553970424732
1 1787533164288337 44 59554053172712
0 59530173408609 43 59554067495195
2 59583803874956 44 59554070654973
1 1787533264517358 45 59554153353370
0 59530273825251 44 59554167962007
2 59583904132035 45 59554170911141
1 1787533364751972 46 59554253609448
0 59530374180414 45 59554268294954
2 59584004299642 46 59554271071397
1 1787533464979317 47 59554353784181
0 59530474534632 46 59554368632782
2 59584104595560 47 59554371391657
1 1787533565251958 48 59554455579592
0 59530575057390 47 59554469207833
2 59584204838843 48 59554473136814
1 1787533667008262 49 59554555823628
0 59530675443007 48 59554571436883
2 59584306645949 49 59554573442639
1 1787533767279853 50 59554656113834
0 59530777641348 49 59554671740138
2 59584406897069 50 59554673674815
1 1787533867529269 51 59554756360732
0 59530877919014 50 59554771989740
2 59584507190246 51 59554773980247
1 1787533967776313 52 59554856626239
0 59530978145334 51 59554872235245
2 59584607430892 52 59554874212977
1 1787534068353894 53 59554957203508
0 59531078546117 52 59554972640427
2 59584707682872 53 59554974443559
1 1787534168824233 54 59555057635418
0 59531178946758 53 59555073012040
2 59584807938968 54 59555074703857
1 1787534269295819 55 59555158170735
0 59531279200784 54 59555173283067
2 59584908166961 55 59555174931049
1 1787534369736100 56 59555258845217
0 59531379591230 55 59555273918582
2 59585008526835 56 59555275420095
1 1787534470039537 57 59555359281050
0 59531480104608 56 59555374482705
2 59585108831036 57 59555375683464
1 1787534570458356 58 59555459403159
0 59531580615161 57 59555474771922
2 59585208986000 58 59555475775871
1 1787534670815749 59 59555559629302
0 59531680942299 58 59555575023565
2 59585309135978 59 59555575811839
1 1787534771082143 60 59555660291295
0 59531781333346 59 59555675744471
2 59585409312339 60 59555676609463
1 1787534871391663 61 59555760573772
0 59531881577363 60 59555775999344
2 59585509466014 61 59555776419887
1 1787534971764186 62 59555860950566
0 59531981806327 61 59555876268845
2 59585610273520 62 59555877288771
1 1787535072188288 63 59555961245246
0 59532082034503 62 59555977476648
2 59585710437279 63 59555977666929
1 1787535172667374 64 59556061458903
0 59532182269609 63 59556076340019
2 59585810582977 64 59556077229138
1 1787535273041601 65 59556161995487
0 59532282550987 64 59556176899744
2 59585910713161 65 59556177479282
1 1787535373442987 66 59556262300014
0 59532382807924 65 59556276882053
2 59586010936201 66 59556277698607
1 1787535473708600 67 59556362367030
0 59532483129316 66 59556377265002
2 59586111265652 67 59556377989984
1 1787535573965890 68 59556463132856
0 59532583520980 67 59556477832023
2 59586211425359 68 59556478313656
1 1787535674225690 69 59556563063197
0 59532683921474 68 59556578030155
2 59586311543127 69 59556578105964
1 1787535774496061 70 59556663275666
0 59532784342694 69 59556678406954
2 59586411979567 70 59556678682535
1 1787535874901688 71 59556763743049
0 59532884681199 70 59556778739679
2 59586512349597 71 59556779025528
1 1787535975295507 72 59556864103442
0 59532984956669 71 59556879030176
2 59586612711619 72 59556879392200
1 1787536075749550 73 59556964559263
0 59533085197540 72 59556979268192
2 59586712871768 73 59556979559242
1 1787536176050628 74 59557064835742
0 59533185576764 73 59557079670015
2 59586813022624 74 59557079747031
1 1787536276299963 75 59557165141965
0 59533285924291 74 59557180020099
2 59586913245054 75 59557180105353
1 1787536376563287 76 59557265701453
2 59587013603991 76 59557280620115
0 59533386302485 75 59557280857497
1 1787536476981100 77 59557365890293
0 59533486689526 76 59557380786803
2 59587114014213 77 59557380881814
1 1787536577495909 78 59557466685627
0 59533586960186 77 59557481402935
2 59587214290064 78 59557481656769
1 1787536677880183 79 59557566961545
2 59587314532615 79 59557581449685
0 59533687356658 78 59557581609757
1 1787536778145905 80 59557666906318
2 59587414754334 80 59557681544270
0 59533787638717 79 59557681646814
1 1787536878421612 81 59557767361689
2 595875151177400  58915 3539858577878831093074 18100 
59557781950061
1 1787536978710451 82 59557867515616
2 59587615428533 82 59557882211989
0 59533988177124 81 59557882292373
1 1787537079205439 83 59557968015503
2 59587715694296 83 5955709 8529456354800838
418583 82 59557982511974
1 1787537179577865 84 59558068368621
0 59534188588613 83 595580826719902
 59587816029055 84 59558082726257
1 1787537279905074 85 59558168682308
0 59534288834774 84 59558182866059
2 59587916207510 85 59558182918307
1 1787537380086292 86 59558268923618
0 59534389094099 85 59558283145479
2 59588016456386 86 59558283221195
1 1787537480421370 87 59558369263028
0 59534489358251 86 595583834828 252955
88116675971 87 59558383542333
1 1787537580856300 88 59558469731283
0 59534589579701 87 59558483625502
2 59588216900996 88 59558483717917
1 1787537681252393 89 59558570090597
2 59588317115114 89 59558583925785
0 59534689836977 88 59558583981356
1 1787537781525839 90 59558670508485
2 59588417361873 90 59558684218009
0 59534790144487 89 59558684331603
1 1787537881797545 91 59558770919590
2 59588517503759 91 59558784640905
0 59534890478136 90 59558784880098
1 1787537982039103 92 59558871029468
2 59588617669634 92 59558884440978
0 59534990708809 91 59558884691270
1 1787538082445165 93 59558971300584
2 59588718020721 93 59558984766656
0 59535091053408 92 59558984955135
1 1787538182737637 94 59559071512106
2 59588818257148 94 59559085020517
0 59535191350285 93 59559085299431
1 1787538283018462 95 59559171827387
2 59588918470054 95 59559185226487
0 59535291562633 94 59559185510387
