3 59549641498528 0 1787528755166864
2 59579389033579 0 1787528767651733
3 59549741991285 1 1787528854196471
0 59525849675001 0 1787528856047198
2 59579489467486 1 1787528868118177
3 59549842318757 2 1787528954762292
0 59525950329288 1 1787528956480845
2 59579589754552 2 1787528968531131
3 59549942703626 3 1787529054956989
0 59526050793685 2 1787529056535229
2 59579690011431 3 1787529068415845
3 59550043097845 4 1787529155151138
0 59526151016557 3 1787529156715792
2 59579790395765 4 1787529168847343
3 59550143441555 5 1787529255464300
0 59526251212597 4 1787529256920383
2 59579890797277 5 1787529269228831
3 59550243927866 6 1787529356060087
0 59526351412058 5 1787529357168062
2 59579991258023 6 1787529369763873
3 59550344562688 7 1787529456615348
0 59526451647757 6 1787529457414668
2 59580091747776 7 1787529470169819
3 59550445104349 8 1787529557268728
0 59526552053013 7 1787529557709190
2 59580192209706 8 1787529570633298
3 59550545489178 9 1787529657509514
0 59526652268012 8 1787529657862676
2 59580292675695 9 1787529671118416
3 59550645743218 10 1787529757768751
0 59526752524705 9 1787529758198570
2 59580393093642 10 1787529771320288
3 59550746056693 11 1787529858100297
0 59526852896314 10 1787529858414744
2 59580493356311 11 1787529871746343
3 59550846345217 12 1787529958763954
0 59526953117769 11 1787529959328504
2 59580593705103 12 1787529972208598
3 59550946656373 13 1787530058761137
0 59527053379486 12 1787530059087680
2 59580694021578 13 1787530072407057
3 59551047091685 14 1787530159199069
0 59527153716671 13 1787530159294585
2 59580794460145 14 1787530172908597
3 59551147609013 15 1787530259662172
0 59527254061918 14 1787530260768051
2 59580894810887 15 1787530273222151
3 59551247967041 16 1787530360010885
0 59527354309997 15 1787530360113596
2 59580995233337 16 1787530373721200
3 59551348278186 17 1787530460302626
0 59527454626758 16 1787530460390940
2 59581095589824 17 1787530473859678
3 59551448557856 18 1787530561025426
0 59527555043701 17 1787530561333985
2 59581195844663 18 1787530574587259
3 59551548975163 19 1787530661311142
0 59527655533173 18 1787530661529881
2 59581296127637 19 1787530674588243
3 59551649558262 20 1787530761696281
0 59527755956210 19 1787530761779062
2 59581396484770 20 1787530774921727
3 59551749992958 21 1787530862103460
0 59527856686766 20 1787530862463262
2 59581496950664 21 1787530875456587
3 59551850250305 22 1787530962331869
0 59527957319925 21 1787530963225611
2 59581597368381 22 1787530975786015
3 59551950527720 23 1787531062770048
0 59528057901404 22 1787531063851129
2 59581697681673 23 1787531076139928
3 59552050779673 24 1787531163186010
0 59528158509108 23 1787531164507050
2 59581797970075 24 1787531176499638
3 59552151155672 25 1787531263232964
0 59528258834696 24 1787531264531841
2 59581898245712 25 1787531276637342
3 59552251719966 26 1787531363820691
0 59528359050315 25 1787531364816342
2 59581998543097 26 1787531377006533
3 59552352239841 27 1787531464300268
0 59528459315787 26 1787531465219815
2 59582098777776 27 1787531477161838
3 59552452583604 28 1787531564660713
0 59528567164164 27 1787531572971397
2 59582199159750 28 1787531577572859
3 59552552856733 29 1787531664960675
0 59528667634833 28 1787531673527123
2 59582299500473 29 1787531677913098
3 59552653114078 30 1787531765186997
0 59528768114282 29 1787531773911493
2 59582399761253 30 1787531778211759
3 59552753352388 31 1787531865361409
0 59528868352372 30 1787531874071916
2 59582499998168 31 1787531878310807
3 59552853608932 32 1787531965607667
0 59528968594532 31 1787531974286864
2 59582600231980 32 1787531978611742
3 59552953845699 33 1787532065937483
0 59529068914906 32 1787532074620785
2 59582700599125 33 1787532079088919
3 59553054143528 34 1787532166229190
0 59529169217432 33 1787532175034698
2 59582801087625 34 1787532179525658
3 59553154433115 35 1787532266823333
0 59529269551739 34 1787532275466502
2 59582901383649 35 1787532279918579
3 59553254732402 36 1787532367161712
0 59529369848409 35 1787532375931189
2 59583001625581 36 1787532380438753
3 59553355167167 37 1787532467364182
0 59529470136289 36 1787532476118005
2 59583101857164 37 1787532480343013
3 59553455580899 38 1787532567689665
0 59529570474314 37 1787532576263347
2 59583202100875 38 1787532580484247
3 59553556121526 39 1787532668211825
0 59529670873299 38 1787532676699360
2 59583302369916 39 1787532680764319
3 59553656628354 40 1787532768663792
0 59529771369109 39 1787532777132974
2 59583402738447 40 1787532781137980
3 59553756826621 41 1787532868858640
0 59529871672820 40 1787532877470009
2 59583503126279 41 1787532881534548
3 59553857106592 42 1787532969150013
0 59529972071948 41 1787532977946673
2 59583603361576 42 1787532981754108
3 59553957393285 43 1787533069467493
0 59530072651340 42 1787533078495990
2 59583703632482 43 1787533082003991
3 59554057672159 44 1787533169747330
0 59530173269440 43 1787533179082528
2 59583803860912 44 1787533182235405
3 59554157962725 45 1787533269977234
0 59530273633137 44 1787533279345558
2 59583904118789 45 1787533282490462
3 59554258255741 46 1787533370262614
0 59530374042278 45 1787533379816825
2 59584004287252 46 1787533382737973
3 59554358514250 47 1787533470504098
0 59530474396029 46 1787533480143251
2 59584104563908 47 1787533482956229
3 59554458906355 48 1787533570933769
0 59530574771601 47 1787533580613424
2 59584204825069 48 1787533583202473
3 59554564800241 49 1787533676795019
0 59530675293717 48 1787533681057244
2 59584306615126 49 1787533685024178
3 59554665046777 50 1787533777130998
0 59530777528259 49 1787533783348854
2 59584406883103 50 1787533785254089
3 59554765308893 51 1787533877521485
0 59530877822357 50 1787533883700850
2 59584507159240 51 1787533885688824
3 59554865617102 52 1787533977773413
0 59530978074815 51 1787533984025863
2 59584607416071 52 1787533986205802
3 59554965893616 53 1787534078234077
0 59531078352720 52 1787534084364630
2 59584707667329 53 1787534086132488
3 59555066145404 54 1787534178561302
0 59531178762444 53 1787534184928847
2 59584807921617 54 1787534186669081
3 59555166410452 55 1787534278853668
0 59531279116155 54 1787534285166918
2 59584908154363 55 1787534286863633
3 59555266870420 56 1787534379328658
0 59531379415377 55 1787534385578060
2 59585008479903 56 1787534387251059
3 59555367353122 57 1787534479393508
0 59531479836865 56 1787534485659533
2 59585108796189 57 1787534487190862
3 59555467775424 58 1787534580217368
0 59531580343578 57 1787534586420852
2 59585208970665 58 1787534587390423
3 59555568102134 59 1787534680293569
0 59531680794123 58 1787534686726454
2 59585309124235 59 1787534687552880
3 59555668495076 60 1787534780565105
0 59531781167119 59 1787534787223371
2 59585409288634 60 1787534787848461
3 59555768986451 61 1787534881182467
0 59531881503723 60 1787534887473360
2 59585509453210 61 1787534887916980
3 59555869461418 62 1787534981774043
0 59531981729646 61 1787534987844377
2 59585610255879 62 1787534988875829
3 59555969892362 63 1787535082305899
0 59532081966805 62 1787535089522173
2 59585710425359 63 1787535089783576
3 59556070300870 64 1787535182533220
0 59532182186198 63 1787535188157219
2 59585810572355 64 1787535188932782
3 59556170736735 65 1787535283029454
0 59532282453018 64 1787535288460131
2 59585910702932 65 1787535289070636
3 59556271060378 66 1787535383271629
0 59532382720743 65 1787535388644763
2 59586010904841 66 1787535389439250
3 59556371263062 67 1787535483280821
0 59532482975287 66 1787535488813814
2 59586111199520 67 1787535489594613
3 59556471606288 68 1787535583680574
0 59532583374833 67 1787535589145705
2 59586211415215 68 1787535589697074
3 59556571904530 69 1787535683962560
0 59532683752913 68 1787535689573355
2 59586311533137 69 1787535689765700
3 59556672150989 70 1787535784237881
0 59532784169451 69 1787535790324380
2 59586411902378 70 1787535790657041
3 59556772372212 71 1787535884672344
0 59532884528584 70 1787535890582430
2 59586512310776 71 1787535890897513
3 59556872602189 72 1787535984932903
0 59532984868749 71 1787535990867947
2 59586612666358 72 1787535991101428
3 59556972824767 73 1787536085162406
0 59533085120108 72 1787536091143239
2 59586712859452 73 1787536091391024
3 59557073063780 74 1787536185343360
0 59533185411036 73 1787536191487570
2 59586813012147 74 1787536191769478
3 59557173310855 75 1787536285338858
0 59533285783438 74 1787536291558548
2 59586913231818 75 1787536291643076
3 59557273674408 76 1787536385789983
0 59533386148895 75 1787536392337264
2 59587013562727 76 1787536392690016
3 59557374113573 77 1787536486537774
0 59533486534685 76 1787536492639315
2 59587113967602 77 1787536492956687
3 59557474593809 78 1787536586976982
0 59533586877123 77 1787536592883683
2 59587214273638 78 1787536593124706
3 59557575162636 79 1787536687336160
2 59587314521016 79 1787536693048527
0 59533687153459 78 1787536693218245
3 59557675443084 80 1787536787452153
2 59587414742334 80 1787536793134772
0 59533787582813 79 1787536793255750
3 59557775688587 81 1787536887832260
2 595875149983780  8519 513738878573769859834419 38102 41
787536893598272
3 59557875973680 82 1787536988315940
0 59533988047940 81 1787536994131513
2 59587615379868 82 1787536994474578
3 59557976235524 83 1787537088594262
0 59534088335433 82 1787537094320435
2 59587715682214 83 1787537094493140
3 59558076487476 84 1787537188576166
0 59534188526686 83 1787537194330737
2 59587815979725 84 1787537194461715
3 59558176799119 85 1787537288936180
0 59534288746872 84 1787537294459972
2 59587916195637 85 1787537294534126
3 59558277078402 86 1787537389143090
0 59534389001477 85 1787537394770292
2 59588016441735 86 1787537394870796
3 59558377336014 87 1787537489491746
0 59534489275256 86 1787537495187015
2 59588116664511 87 1787537495414080
3 59558477724972 88 1787537590063075
0 59534589515825 87 1787537595522262
2 59588216885262 88 1787537595808474
3 59558578043400 89 1787537690267675
0 59534689742865 88 1787537695694493
2 59588317103629 89 1787537695904456
3 59558678368412 90 1787537790410427
2 59588417342583 90 1787537795749715
0 59534790017005 89 1787537795847244
3 59558778756187 91 1787537890759331
2 59588517495418 91 1787537895707549
0 59534890346697 90 1787537895904402
3 59558879116669 92 1787537991153472
2 59588617660642 92 1787537996208023
0 59534990620248 91 1787537996380457
3 59558979393412 93 1787538091686578
2 59588717984757 93 1787538096533615
0 59535090894870 92 1787538096745488
3 59559079613383 94 1787538191686363
2 59588818245656 94 1787538196540235
0 59535191219067 93 1787538196912868
3 59559179860105 95 1787538291912456
2 59588918457637 95 1787538297016518
0 59535291492776 94 1787538297245697
