1 1787528744155312 0 59579370501163
3 59549641570849 0 59579376127099
1 1787528847638217 1 59579470272451
3 59549742064127 1 59579476234902
0 59525849944678 0 59579477814034
1 1787528948296779 2 59579570909349
3 59549842340450 2 59579576434001
0 59525950525579 1 59579578349547
1 1787529048882370 3 59579671485890
3 59549942806640 3 59579676925053
0 59526050849148 2 59579678604258
1 1787529149272739 4 59579771784353
3 59550043146348 4 59579777587163
0 59526151065567 3 59579778989038
1 1787529249561837 5 59579872031046
3 59550143480790 5 59579877729714
0 59526251265089 4 59579879148107
1 1787529349823423 6 59579972543635
3 59550244082968 6 59579978570562
0 59526351472575 5 59579979440647
1 1787529450111478 7 59580072931159
3 59550344647474 7 59580079139145
0 59526451779406 6 59580080122778
1 1787529550392458 8 59580173055711
3 59550445205407 8 59580179772349
0 59526552106164 7 59580180232599
1 1787529650671989 9 59580273514042
3 59550545509496 9 59580279921300
0 59526652339070 8 59580280253611
1 1787529750928174 10 59580373568549
3 59550645781731 10 59580380095881
0 59526752671089 9 59580380556720
1 1787529851196907 11 59580473725712
3 59550746098296 11 59580480261698
0 59526852966512 10 59580480641120
1 1787529951535917 12 59580574265472
3 59550846366378 12 59580580723873
0 59526953204783 11 59580581156993
1 1787530051835706 13 59580674572577
3 59550946703520 13 59580680795531
0 59527053471531 12 59580681162771
1 1787530152110977 14 59580774613492
3 59551047232629 14 59580781634477
0 59527153808309 13 59580781966155
1 1787530252366456 15 59580875138308
3 59551147647632 15 59580883971803
0 59527254122678 14 59580884125998
1 1787530352632745 16 59580975543093
3 59551248029574 16 59580982527746
0 59527354398259 15 59580982831973
1 1787530452907065 17 59581075425878
3 59551348298321 17 59581082515221
0 59527454722093 16 59581082730256
1 1787530553198448 18 59581175647742
3 59551448605970 18 59581182769526
0 59527555204942 17 59581182899153
1 1787530653578363 19 59581276164418
3 59551549044358 19 59581283338780
0 59527655635062 18 59581283679900
1 1787530754003373 20 59581376846382
3 59551649665713 20 59581384181337
0 59527756206877 19 59581384535867
1 1787530854285817 21 59581476936815
3 59551750018435 21 59581484488957
0 59527856928874 20 59581485026822
1 1787530954588674 22 59581577370986
3 59551850287810 22 59581584641931
0 59527957545935 21 59581585366338
1 1787531054911335 23 59581677446083
3 59551950546564 23 59581684734349
0 59528058147807 22 59581686076854
1 1787531155232798 24 59581777683242
3 59552050798928 24 59581784836277
0 59528158631385 23 59581786749194
1 1787531255538056 25 59581878073734
3 59552151228762 25 59581885439503
0 59528258894451 24 59581886689199
1 1787531355857188 26 59581978296391
3 59552251762863 26 59581985820726
0 59528359103357 25 59581986842581
1 1787531456121463 27 59582078599835
3 59552352328065 27 59582086436373
0 59528459605080 26 59582087413887
3 59552452615073 28 59582186941331
1 1787531559602921 28 59582191844426
0 59528567325351 27 59582195418624
1 1787531659886448 29 59582282597807
3 59552552880749 29 59582287230528
0 59528667803145 28 59582295773559
1 1787531760140330 30 59582382630101
3 59552653131429 30 59582387150981
0 59528768191795 29 59582395810614
1 1787531860386961 31 59582482775923
3 59552753373116 31 59582487390877
0 59528868425072 30 59582496116238
1 1787531960630270 32 59582583149485
3 59552853624309 32 59582587711103
0 59528968702426 31 59582596423763
1 1787532060969999 33 59582683812707
3 59552953878226 33 59582688332533
0 59529068995362 32 59582697097287
1 1787532161318554 34 59582784154641
3 59553054175324 34 59582788593072
0 59529169314297 33 59582797400119
1 1787532261590344 35 59582884141852
3 59553154469180 35 59582888589171
0 59529269637097 34 59582897387288
1 1787532361912623 36 59582984504718
3 59553254775247 36 59582988832837
0 59529369928890 35 59582997610455
1 1787532462257183 37 59583084847426
3 59553355240288 37 59583089640139
0 59529470217089 36 59583097922571
1 1787532562570005 38 59583185287201
3 59553455618672 38 59583189798596
0 59529570592246 37 59583198303779
1 1787532662833187 39 59583285218920
3 59553556255464 39 59583290579486
0 59529671040102 38 59583298815142
1 1787532763126024 40 59583385826186
3 59553656660278 40 59583391083143
0 59529771465261 39 59583399531240
1 1787532863394818 41 59583486238535
3 59553756844382 41 59583491081146
0 59529871788244 40 59583499609543
1 1787532963668168 42 59583586235515
3 59553857140322 42 59583591302277
0 59529972305393 41 59583600089786
1 1787533063989246 43 59583686530286
3 59553957408429 43 59583691480128
0 59530072867879 42 59583700712234
1 1787533164258701 44 59583786748016
3 59554057704735 44 59583791799001
0 59530173371703 43 59583801108243
1 1787533264504182 45 59583886992622
3 59554157998876 45 59583892041235
0 59530273772363 44 59583901554876
1 1787533364739560 46 59583987205956
3 59554258283978 46 59583992383810
0 59530374144204 45 59584001840669
1 1787533464966445 47 59584087721144
3 59554358530538 47 59584092651211
0 59530474497735 46 59584102324734
1 1787533565215830 48 59584187802596
3 59554458968736 48 59584198610639
0 59530574963794 47 59584202714806
1 1787533666989710 49 59584289669790
3 59554564816045 49 59584299108435
0 59530675413799 48 59584303213455
1 1787533767256829 50 59584389682681
3 59554665061427 50 59584399143637
0 59530777613230 49 59584405307542
1 1787533867515380 51 59584489989750
3 59554765337948 51 59584499730496
0 59530877888748 50 59584505729997
1 1787533967746405 52 59584590183617
3 59554865646171 52 59584599696366
0 59530978132642 51 59584605823069
1 1787534068248356 53 59584690766133
3 59554965909392 53 59584699921023
0 59531078481785 52 59584706194872
1 1787534168778194 54 59584791216101
3 59555066168112 54 59584800233529
0 59531178900909 53 59584806636312
1 1787534269238575 55 59584891711256
3 59555166437792 55 59584900432973
0 59531279188489 54 59584906877069
1 1787534369683894 56 59584992403238
3 59555266950346 56 59585001221346
0 59531379543697 55 59585007440598
1 1787534470010581 57 59585092738613
3 59555367406750 57 59585101645246
0 59531480035491 56 59585107917693
1 1787534570402865 58 59585193227231
3 59555467828164 58 59585202117391
0 59531580562189 57 59585208377763
1 1787534670769237 59 59585293382809
3 59555568119021 59 59585302212860
0 59531680900762 58 59585308592034
1 1787534771062514 60 59585393679920
3 59555668558955 60 59585402815308
0 59531781277919 59 59585409065724
1 1787534871361823 61 59585493782933
3 59555769051583 61 59585503100149
0 59531881562612 60 59585509252922
1 1787534971722795 62 59585594155987
3 59555869525608 62 59585603578776
0 59531981785907 61 59585610229868
1 1787535072141445 63 59585694627939
3 59555969960576 63 59585704049577
0 59532082022378 62 59585709711323
1 1787535172576498 64 59585795098981
3 59556070324880 64 59585804381518
0 59532182245254 63 59585809925126
1 1787535273004227 65 59585895414162
3 59556170787604 65 59585904809259
0 59532282531018 64 59585910232333
1 1787535373384039 66 59585996226682
3 59556271082933 66 59586005407429
0 59532382787655 65 59586010727487
1 1787535473691894 67 59586096511679
3 59556371278968 67 59586105662544
0 59532483087481 66 59586111252129
1 1787535573936699 68 59586196537181
3 59556471650748 68 59586205726940
0 59532583482427 67 59586211044676
1 1787535674203984 69 59586296698511
3 59556571926469 69 59586305908576
0 59532683876387 68 59586311370046
1 1787535774473082 70 59586397259253
3 59556672162099 70 59586406538855
0 59532784297924 69 59586412248957
1 1787535874858466 71 59586497691714
3 59556772385779 71 59586506715744
0 59532884641173 70 59586512539845
1 1787535975252510 72 59586598068386
3 59556872614366 72 59586607001623
0 59532984936270 71 59586612907192
1 1787536075696636 73 59586698217510
3 59556972838217 73 59586706854906
0 59533085180665 72 59586712763873
1 1787536176031773 74 59586798444207
3 59557073077242 74 59586807093910
0 59533185533102 73 59586813059310
1 1787536276274701 75 59586898711677
3 59557173334818 75 59586907345987
0 59533285892929 74 59586913502427
1 1787536376540254 76 59586999328704
3 59557273731497 76 59587008146377
0 59533386262018 75 59587014206052
1 1787536476911701 77 59587099745749
3 59557374168170 77 59587108634548
0 59533486650395 76 59587114647797
1 1787536577406594 78 59587200046369
3 59557474677053 78 59587208815036
0 59533586941290 77 59587214485324
1 1787536677851002 79 59587300242014
3 59557575206334 79 59587309224798
0 59533687288456 78 59587314958622
1 1787536778128869 80 59587400523641
3 59557675457006 80 59587409466246
0 59533787628313 79 59587415291033
1 1787536878359133 81 59587500924243
3 59557775758930 81 59587509722745
0 59533887857953 80 59587515576780
1 1787536978665544 82 59587601161836
3 59557876013068 82 59587610090226
0 59533988102169 81 59587615804392
1 1787537079148336 83 59587701606947
3 59557976247129 83 59587710270673
0 59534088390243 82 59587715946320
1 1787537179551431 84 59587801935462
3 59558076503884 84 59587810528245
0 59534188577717 83 59587816209878
1 1787537279885699 85 59587902336211
3 59558176827184 85 59587910856699
0 59534288818497 84 59587916308291
1 1787537380067874 86 59588002448655
3 59558277098101 86 59588011144666
0 59534389077751 85 59588016674569
1 1787537480384112 87 59588102836451
3 59558377356848 87 59588111411662
0 59534489339220 86 59588116974482
1 1787537580789989 88 59588203236415
3 59558477790069 88 59588211823112
0 59534589568347 87 59588217195822
1 1787537681217435 89 59588303671575
3 59558578064376 89 59588312128987
0 59534689810136 88 59588317451680
1 1787537781505839 90 59588403976536
3 59558678400862 90 59588412389662
0 59534790090823 89 59588417816152
1 1787537881777971 91 59588504192157
3 59558778799831 91 59588512772643
0 59534890444578 90 59588517928616
1 1787537982021159 92 59588604466341
3 59558879167729 92 59588613233321
0 59534990689472 91 59588618385564
1 1787538082401418 93 59588705172979
3 59558979406668 93 59588713726257
0 59535091011510 92 59588719000314
1 1787538182715345 94 59588805121901
3 59559079633444 94 59588813638956
0 59535191318608 93 59588819022354
1 1787538282984486 95 59588905456581
3 59559179880056 95 59588913896485
0 59535291547575 94 59588919233809
