1 1787528742782700 0 59525740275581
3 59549641281953 0 59525748563511
2 59579388786876 0 59525762338248
1 1787528847507147 1 59525842812117
3 59549741830181 1 59525848801595
2 59579489363709 1 59525862634993
1 1787528947988390 2 59525943551868
3 59549842246166 2 59525949282582
2 59579589673580 2 59525962925230
1 1787529048726940 3 59526044016667
3 59549942540462 3 59526049329182
2 59579689939235 3 59526063001047
1 1787529149199762 4 59526144444908
3 59550043007571 4 59526149817768
2 59579790281915 4 59526163513458
1 1787529249488228 5 59526244812303
3 59550143349744 5 59526250168450
2 59579890708465 5 59526263755367
1 1787529349749808 6 59526345057415
3 59550243731032 6 59526350741738
2 59579991070086 6 59526364409088
1 1787529450020830 7 59526445525475
3 59550344397519 7 59526451577375
2 59580091635329 7 59526464839798
1 1787529550299754 8 59526545591887
3 59550444911384 8 59526551889104
2 59580192050913 8 59526565120901
1 1787529650593566 9 59526645622495
3 59550545418868 9 59526652297008
2 59580292501248 9 59526665569418
1 1787529750856903 10 59526746304281
3 59550645671962 10 59526752638868
2 59580392991543 10 59526766295887
1 1787529851124376 11 59526846328055
3 59550745961427 11 59526852791118
2 59580493305351 11 59526866500952
1 1787529951423110 12 59526946662714
3 59550846275723 12 59526953116215
2 59580593582058 12 59526966611153
1 1787530051752948 13 59527047035859
3 59550946548034 13 59527053439728
2 59580693951545 13 59527067110773
1 1787530152039537 14 59527147220509
3 59551046885640 14 59527153894810
2 59580794289031 14 59527167619705
1 1787530252295778 15 59527248727461
3 59551147514680 15 59527254255998
2 59580894729179 15 59527267860313
1 1787530352562510 16 59527347790109
3 59551247843573 16 59527354687342
2 59580995080679 16 59527368347103
1 1787530452828184 17 59527448031525
3 59551348208214 17 59527454988952
2 59581095519810 17 59527468685757
1 1787530553109947 18 59527548575667
3 59551448470251 18 59527555487677
2 59581195772773 18 59527569072757
1 1787530653446876 19 59527648788716
3 59551548828505 19 59527655792498
2 59581296045346 19 59527669386067
1 1787530753891094 20 59527749448537
3 59551649330741 20 59527756652303
2 59581396289414 20 59527769911285
1 1787530854210588 21 59527849517901
3 59551749902178 21 59527857094655
2 59581496805416 21 59527870115084
1 1787530954502663 22 59527949822279
3 59551850184207 22 59527957388198
2 59581597225931 22 59527970640823
1 1787531054828471 23 59528050465566
3 59551950463267 23 59528057644551
2 59581697605420 23 59528071117448
1 1787531155139942 24 59528150639295
3 59552050710172 24 59528157823801
2 59581797889959 24 59528171214592
1 1787531255449241 25 59528250933667
3 59552151015104 25 59528257900302
2 59581898175229 25 59528271336163
1 1787531355756676 26 59528351042788
3 59552251519346 26 59528358656052
2 59581998451669 26 59528371631595
1 1787531456041833 27 59528451415476
3 59552352035761 27 59528459380964
2 59582098716079 27 59528471919042
1 1787531559523551 28 59528555118600
3 59552452494402 28 59528559644948
2 59582199023596 28 59528572458251
1 1787531659811796 29 59528655047081
3 59552552789770 29 59528659611438
2 59582299418196 29 59528672631588
1 1787531760076885 30 59528755283976
3 59552653051816 30 59528759836830
2 59582399699904 30 59528772910404
1 1787531860323689 31 59528855505279
3 59552753286468 31 59528860044466
2 59582499935340 31 59528873091412
1 1787531960567113 32 59528955726278
3 59552853545036 32 59528960383605
2 59582600172070 32 59528973361507
1 1787532060855145 33 59529056110615
3 59552953782771 33 59529060866205
2 59582700462627 33 59529073749622
1 1787532161256472 34 59529156556655
3 59553054050964 34 59529160972749
2 59582800961148 34 59529174184212
1 1787532261506359 35 59529256621187
3 59553154354207 35 59529261127331
2 59582901321839 35 59529274470062
1 1787532361815613 36 59529356928438
3 59553254650725 36 59529361504894
2 59583001563408 36 59529374771798
1 1787532462160639 37 59529457343382
3 59553355005796 37 59529461858374
2 59583101795082 37 59529474935302
1 1787532562494765 38 59529557932493
3 59553455484759 38 59529562588138
2 59583202032537 38 59529575403260
1 1787532662770705 39 59529658081477
3 59553555879742 39 59529662912197
2 59583302307737 39 59529675565046
1 1787532763057273 40 59529758659277
3 59553656537248 40 59529763614769
2 59583402593739 40 59529775907218
1 1787532863297612 41 59529858504668
3 59553756774184 41 59529863555965
2 59583503026832 41 59529876348385
1 1787532963580162 42 59529959163609
3 59553857002403 42 59529964264781
2 59583603285841 42 59529976620445
1 1787533063873999 43 59530059438755
3 59553957308262 43 59530064501863
2 59583703555448 43 59530077010969
1 1787533164193374 44 59530159592291
3 59554057585080 44 59530164546115
2 59583803799897 44 59530177036450
1 1787533264446021 45 59530259988148
3 59554157888734 45 59530265046194
2 59583904058806 45 59530277568978
1 1787533364674540 46 59530360156428
3 59554258176397 46 59530365281402
2 59584004228613 46 59530377574026
1 1787533464909093 47 59530460415437
3 59554358453064 47 59530465559541
2 59584104475357 47 59530477775769
1 1787533565145321 48 59530560696351
3 59554458762526 48 59530565983986
2 59584204764974 48 59530578122213
1 1787533666931299 49 59530662347658
3 59554564739222 49 59530671784776
2 59584306529479 49 59530679795347
1 1787533767186016 50 59530762629850
3 59554664986060 50 59530772058033
2 59584406823218 50 59530780083870
1 1787533867455795 51 59530862666604
3 59554765228917 51 59530872056794
2 59584507071990 51 59530880267874
1 1787533967663388 52 59530962899936
3 59554865527725 52 59530972756008
2 59584607355624 52 59530980492173
1 1787534068050647 53 59531063671849
3 59554965814939 53 59531072989636
2 59584707585999 53 59531081103172
1 1787534168628381 54 59531164212226
3 59555066067812 54 59531173145778
2 59584807839828 54 59531181192786
1 1787534269077457 55 59531264365349
3 59555166336008 55 59531273148316
2 59584908095659 55 59531281234274
1 1787534369534923 56 59531365152518
3 59555266667531 56 59531373961762
2 59585008338762 56 59531381919653
1 1787534469922907 57 59531465489581
3 59555367179691 57 59531474451203
2 59585108681247 57 59531482245474
1 1787534570259795 58 59531565832100
3 59555467645911 58 59531574852374
2 59585208928945 58 59531582328823
1 1787534670679229 59 59531666200070
3 59555568035060 59 59531675186407
2 59585309086958 59 59531682524420
1 1787534770998775 60 59531766372663
3 59555668341744 60 59531775538566
2 59585409235632 60 59531782574185
1 1787534871276793 61 59531866553804
3 59555768812450 61 59531875806905
2 59585509416616 61 59531882536718
1 1787534971617418 62 59531966800250
3 59555869308702 62 59531976219736
2 59585610221226 62 59531983330986
1 1787535071994934 63 59532068058021
3 59555969771232 63 59532076881818
2 59585710388565 63 59532083498998
1 1787535172462631 64 59532167651491
3 59556070202973 64 59532176988867
2 59585810528810 64 59532183644374
1 1787535272901650 65 59532268089236
3 59556170553944 65 59532277401289
2 59585910659804 65 59532283787777
1 1787535373272103 66 59532368518916
3 59556270991217 66 59532377816927
2 59586010819558 66 59532383996681
1 1787535473634791 67 59532468864735
3 59556371224639 67 59532478484689
2 59586111080914 67 59532484355734
1 1787535573872261 68 59532569089205
3 59556471488983 68 59532578678922
2 59586211384242 68 59532584575014
1 1787535674139494 69 59532669382670
3 59556571837552 69 59532678981728
2 59586311501173 69 59532684768412
1 1787535774403615 70 59532769952349
3 59556672095151 70 59532779233857
2 59586411766566 70 59532785305598
1 1787535874739495 71 59532870251737
3 59556772317245 71 59532879429448
2 59586512207502 71 59532885667547
1 1787535975135736 72 59532970554024
3 59556872540147 72 59532979516571
2 59586612535033 72 59532985796512
1 1787536075535423 73 59533070916747
3 59556972770240 73 59533079651366
2 59586712812476 73 59533085959147
1 1787536175943304 74 59533171494440
3 59557072994447 74 59533180144738
2 59586812972733 74 59533186344818
1 1787536276215257 75 59533271650556
3 59557173242031 75 59533280359541
2 59586913177470 75 59533286390806
1 1787536376470292 76 59533372037419
3 59557273565922 76 59533380700068
2 59587013445874 76 59533386848726
1 1787536476789566 77 59533472388174
3 59557373974172 77 59533481177596
2 59587113842630 77 59533487214573
1 1787536577228502 78 59533572682673
3 59557474415287 78 59533581487754
2 59587214204928 78 59533587338205
1 1787536677765685 79 59533673296284
3 59557575045466 79 59533682248194
2 59587314465287 79 59533687632749
1 1787536778068172 80 59533773175597
3 59557675385912 80 59533782144003
2 59587414687146 80 59533787715838
1 1787536878303361 81 59533873429047
3 59557775623331 81 59533882410424
2 59587514923980 81 59533887967037
1 1787536978589034 82 59533973741985
3 59557875917011 82 59533982718026
2 59587615303541 82 59533988298957
1 1787537078945570 83 59534074293772
3 59557976149103 83 59534082958485
2 59587715602835 83 59534088620617
1 1787537179451681 84 59534174660385
3 59558076416881 84 59534183165086
2 59587815865478 84 59534188874879
1 1787537279773622 85 59534274948680
3 59558176696097 85 59534283489103
2 59587916139706 85 59534289096570
1 1787537380026361 86 59534375140603
3 59558277015532 86 59534383742100
2 59588016376633 86 59534389350756
1 1787537480287639 87 59534475428011
3 59558377270448 87 59534484022219
2 59588116610668 87 59534489680495
1 1787537580659197 88 59534575895799
3 59558477594097 88 59534584415757
2 59588216832201 88 59534589890425
1 1787537681113095 89 59534676327663
3 59558577978609 89 59534684767617
2 59588317050326 89 59534690136228
1 1787537781439953 90 59534776579803
3 59558678259881 90 59534785074583
2 59588417275872 90 59534790626574
1 1787537881712420 91 59534877182175
3 59558778636418 91 59534885556581
2 59588517462607 91 59534890621552
1 1787537981962361 92 59534977336684
3 59558879018146 92 59534986049683
2 59588617626509 92 59534990779153
1 1787538082263508 93 59535077764448
3 59558979339520 93 59535086345643
2 59588717873774 93 59535091267901
1 1787538182643091 94 59535178036367
3 59559079559593 94 59535186595824
2 59588818192784 94 59535191498868
1 1787538282916152 95 59535278215912
3 59559179795238 95 59535286705656
2 59588918405046 95 59535291555514
