0 1591566485 0 1591586481
2 1591566485 0 1591586492
0 1591566586 1 1591586581
2 1591566586 1 1591586593
0 1591566686 2 1591586682
2 1591566686 2 1591586693
0 1591566787 3 1591586782
2 1591566787 3 1591586794
0 1591566887 4 1591586882
2 1591566887 4 1591586894
0 1591566987 5 1591586983
2 1591566988 5 1591586995
0 1591567088 6 1591587083
2 1591567088 6 1591587095
0 1591567188 7 1591587184
2 1591567189 7 1591587196
0 1591567289 8 1591587284
2 1591567289 8 1591587296
0 1591567389 9 1591587385
2 1591567389 9 1591587396
0 1591567490 10 1591587485
2 1591567490 10 1591587497
0 1591567590 11 1591587586
2 1591567590 11 1591587597
0 1591567691 12 1591587686
2 1591567690 12 1591587697
0 1591567791 13 1591587786
2 1591567791 13 1591587798
0 1591567891 14 1591587887
2 1591567891 14 1591587898
0 1591567992 15 1591587987
2 1591567992 15 1591587998
0 1591568092 16 1591588088
2 1591568092 16 1591588099
0 1591568193 17 1591588188
2 1591568192 17 1591588199
0 1591568293 18 1591588288
2 1591568293 18 1591588300
0 1591568393 19 1591588389
2 1591568393 19 1591588400
0 1591568494 20 1591588489
2 1591568494 20 1591588501
0 1591568594 21 1591588590
2 1591568594 21 1591588601
0 1591568695 22 1591588690
2 1591568695 22 1591588702
0 1591568795 23 1591588790
2 1591568795 23 1591588802
0 1591568895 24 1591588891
2 1591568895 24 1591588902
0 1591568996 25 1591588991
2 1591568996 25 1591589003
0 1591569096 26 1591589091
2 1591569096 26 1591589103
0 1591569196 27 1591589191
2 1591569196 27 1591589213
0 1591569296 28 1591589292
2 1591569305 28 1591589312
0 1591569397 29 1591589392
2 1591569405 29 1591589412
0 1591569497 30 1591589493
2 1591569506 30 1591589513
0 1591569598 31 1591589593
2 1591569606 31 1591589613
0 1591569698 32 1591589694
2 1591569707 32 1591589714
0 1591569799 33 1591589794
2 1591569807 33 1591589814
0 1591569899 34 1591589894
2 1591569907 34 1591589914
0 1591569999 35 1591589995
2 1591570008 35 1591590015
0 1591570100 36 1591590095
2 1591570108 36 1591590115
0 1591570200 37 1591590196
2 1591570209 37 1591590216
0 1591570300 38 1591590296
2 1591570309 38 1591590316
0 1591570401 39 1591590396
2 1591570409 39 1591590416
0 1591570502 40 1591590497
2 1591570510 40 1591590516
0 1591570602 41 1591590597
2 1591570610 41 1591590617
0 1591570702 42 1591590697
2 1591570710 42 1591590717
0 1591570802 43 1591590798
2 1591570810 43 1591590817
0 1591570903 44 1591590898
2 1591570911 44 1591590918
0 1591571003 45 1591590998
2 1591571011 45 1591591018
0 1591571103 46 1591591098
2 1591571111 46 1591591118
0 1591571203 47 1591591199
2 1591571211 47 1591591218
0 1591571303 48 1591591299
2 1591571312 48 1591591318
0 1591571404 49 1591591399
2 1591571412 49 1591591419
0 1591571504 50 1591591499
2 1591571512 50 1591591519
0 1591571604 51 1591591600
2 1591571612 51 1591591619
0 1591571704 52 1591591700
2 1591571713 52 1591591719
0 1591571805 53 1591591800
2 1591571813 53 1591591820
0 1591571905 54 1591591901
2 1591571913 54 1591591920
0 1591572006 55 1591592001
2 1591572013 55 1591592020
0 1591572106 56 1591592101
2 1591572114 56 1591592120
0 1591572206 57 1591592201
2 1591572214 57 1591592221
0 1591572306 58 1591592302
2 1591572314 58 1591592321
0 1591572407 59 1591592402
2 1591572414 59 1591592421
0 1591572507 60 1591592502
2 1591572515 60 1591592522
0 1591572607 61 1591592603
2 1591572615 61 1591592622
0 1591572707 62 1591592703
2 1591572715 62 1591592722
0 1591572808 63 1591592803
2 1591572816 63 1591592822
0 1591572908 64 1591592903
2 1591572916 64 1591592923
0 1591573009 65 1591593004
2 1591573016 65 1591593023
0 1591573109 66 1591593104
2 1591573117 66 1591593124
0 1591573209 67 1591593204
2 1591573217 67 1591593224
0 1591573309 68 1591593305
2 1591573317 68 1591593324
0 1591573410 69 1591593405
2 1591573418 69 1591593424
0 1591573510 70 1591593505
2 1591573518 70 1591593525
0 1591573610 71 1591593606
2 1591573618 71 1591593625
0 1591573711 72 1591593706
2 1591573719 72 1591593725
0 1591573811 73 1591593806
2 1591573819 73 1591593826
0 1591573911 74 1591593906
2 1591573919 74 1591593926
0 1591574011 75 1591594007
2 1591574020 75 1591594026
0 1591574112 76 1591594107
2 1591574120 76 1591594127
0 1591574212 77 1591594207
2 1591574220 77 1591594227
0 1591574312 78 1591594308
2 1591574320 78 1591594327
0 1591574412 79 1591594408
2 1591574421 79 1591594428
0 1591574513 80 1591594508
2 1591574521 80 1591594528
0 1591574613 81 1591594608
2 1591574621 81 1591594628
0 1591574713 82 1591594709
2 1591574722 82 1591594729
0 1591574813 83 1591594809
2 1591574822 83 1591594829
0 1591574914 84 1591594909
2 1591574922 84 1591594929
0 1591575014 85 1591595009
2 1591575023 85 1591595029
0 1591575114 86 1591595110
2 1591575123 86 1591595130
0 1591575215 87 1591595210
2 1591575223 87 1591595230
0 1591575315 88 1591595310
2 1591575323 88 1591595330
0 1591575415 89 1591595411
2 1591575423 89 1591595430
0 1591575516 90 1591595511
2 1591575524 90 1591595531
2 1591575624 91 1591595631