1 1591566479 0 1591586485
2 1591566484 0 1591586497
1 1591566579 1 1591586585
2 1591566585 1 1591586598
1 1591566680 2 1591586685
2 1591566686 2 1591586698
1 1591566780 3 1591586786
2 1591566787 3 1591586799
1 1591566881 4 1591586886
2 1591566887 4 1591586899
1 1591566981 5 1591586987
2 1591566988 5 1591587000
1 1591567082 6 1591587087
2 1591567088 6 1591587100
1 1591567182 7 1591587188
2 1591567189 7 1591587201
1 1591567283 8 1591587289
2 1591567289 8 1591587301
1 1591567384 9 1591587389
2 1591567389 9 1591587401
1 1591567484 10 1591587490
2 1591567490 10 1591587502
1 1591567585 11 1591587590
2 1591567590 11 1591587602
1 1591567685 12 1591587691
2 1591567690 12 1591587702
1 1591567786 13 1591587791
2 1591567791 13 1591587803
1 1591567886 14 1591587892
2 1591567891 14 1591587903
1 1591567987 15 1591587992
2 1591567991 15 1591588003
1 1591568088 16 1591588093
2 1591568092 16 1591588104
1 1591568188 17 1591588194
2 1591568192 17 1591588204
1 1591568289 18 1591588294
2 1591568293 18 1591588305
1 1591568389 19 1591588394
2 1591568393 19 1591588405
1 1591568489 20 1591588495
2 1591568494 20 1591588506
1 1591568590 21 1591588595
2 1591568594 21 1591588606
1 1591568690 22 1591588696
2 1591568695 22 1591588707
1 1591568791 23 1591588796
2 1591568795 23 1591588807
1 1591568891 24 1591588896
2 1591568895 24 1591588907
1 1591568991 25 1591588996
2 1591568996 25 1591589008
1 1591569091 26 1591589097
2 1591569096 26 1591589108
1 1591569192 27 1591589197
2 1591569196 27 1591589211
1 1591569292 28 1591589297
2 1591569305 28 1591589317
1 1591569392 29 1591589397
2 1591569405 29 1591589417
1 1591569492 30 1591589498
2 1591569506 30 1591589518
1 1591569593 31 1591589598
2 1591569606 31 1591589618
1 1591569694 32 1591589699
2 1591569707 32 1591589718
1 1591569794 33 1591589799
2 1591569807 33 1591589819
1 1591569894 34 1591589900
2 1591569907 34 1591589919
1 1591569995 35 1591590000
2 1591570008 35 1591590020
1 1591570095 36 1591590101
2 1591570108 36 1591590120
1 1591570196 37 1591590201
2 1591570209 37 1591590220
1 1591570296 38 1591590301
2 1591570309 38 1591590321
1 1591570396 39 1591590402
2 1591570409 39 1591590421
1 1591570497 40 1591590502
2 1591570509 40 1591590521
1 1591570597 41 1591590602
2 1591570610 41 1591590622
1 1591570698 42 1591590703
2 1591570710 42 1591590722
1 1591570798 43 1591590803
2 1591570810 43 1591590822
1 1591570898 44 1591590903
2 1591570911 44 1591590922
1 1591570998 45 1591591003
2 1591571011 45 1591591023
1 1591571098 46 1591591104
2 1591571111 46 1591591123
1 1591571199 47 1591591204
2 1591571211 47 1591591223
1 1591571299 48 1591591304
2 1591571312 48 1591591323
1 1591571399 49 1591591405
2 1591571412 49 1591591424
1 1591571500 50 1591591505
2 1591571512 50 1591591524
1 1591571600 51 1591591605
2 1591571612 51 1591591624
1 1591571701 52 1591591706
2 1591571713 52 1591591725
1 1591571801 53 1591591806
2 1591571813 53 1591591825
1 1591571901 54 1591591907
2 1591571913 54 1591591925
1 1591572001 55 1591592007
2 1591572013 55 1591592025
1 1591572102 56 1591592107
2 1591572114 56 1591592125
1 1591572202 57 1591592207
2 1591572214 57 1591592226
1 1591572302 58 1591592307
2 1591572314 58 1591592326
1 1591572402 59 1591592408
2 1591572414 59 1591592426
1 1591572503 60 1591592508
2 1591572515 60 1591592526
1 1591572603 61 1591592608
2 1591572615 61 1591592627
1 1591572703 62 1591592709
2 1591572715 62 1591592727
1 1591572804 63 1591592809
2 1591572816 63 1591592828
1 1591572904 64 1591592910
2 1591572916 64 1591592928
1 1591573005 65 1591593010
2 1591573016 65 1591593028
1 1591573105 66 1591593110
2 1591573117 66 1591593129
1 1591573205 67 1591593210
2 1591573217 67 1591593229
1 1591573305 68 1591593311
2 1591573317 68 1591593329
1 1591573406 69 1591593411
2 1591573417 69 1591593429
1 1591573506 70 1591593511
2 1591573518 70 1591593530
1 1591573606 71 1591593611
2 1591573618 71 1591593630
1 1591573706 72 1591593712
2 1591573718 72 1591593730
1 1591573807 73 1591593812
2 1591573819 73 1591593831
1 1591573907 74 1591593912
2 1591573919 74 1591593931
1 1591574007 75 1591594012
2 1591574020 75 1591594031
1 1591574107 76 1591594112
2 1591574120 76 1591594132
1 1591574208 77 1591594213
2 1591574220 77 1591594232
1 1591574308 78 1591594313
2 1591574320 78 1591594332
1 1591574408 79 1591594414
2 1591574421 79 1591594432
1 1591574509 80 1591594514
2 1591574521 80 1591594533
1 1591574609 81 1591594614
2 1591574621 81 1591594633
1 1591574709 82 1591594714
2 1591574722 82 1591594734
1 1591574810 83 1591594815
2 1591574822 83 1591594834
1 1591574910 84 1591594915
2 1591574922 84 1591594934
1 1591575010 85 1591595016
2 1591575022 85 1591595034
1 1591575110 86 1591595116
2 1591575123 86 1591595135
1 1591575211 87 1591595216
2 1591575223 87 1591595235
1 1591575311 88 1591595317
2 1591575323 88 1591595335
1 1591575412 89 1591595417
2 1591575423 89 1591595435
1 1591575512 90 1591595517
2 1591575524 90 1591595536
1 1591575612 91 1591595617
2 1591575624 91 1591595636